p1_p:0.00458 
p2_p:-2.56793 
cal_temp:25.40000 
p1_t:-0.06613 
0 
p2_t:128.17461 